50
10
22 358
29 456
46 733
47 751
48 755
49 772
64 1007
65 1030
75 1189
100 1567
10
3 23
10 63
20 130
22 142
27 171
33 209
34 214
61 383
82 517
85 537
10
10 163
14 221
16 254
42 653
50 773
60 923
68 1051
77 1182
81 1253
100 1529
10
0 4
10 157
20 301
24 358
52 754
54 781
59 854
63 920
69 1009
97 1411
10
0 0
35 42
36 44
41 50
47 57
49 59
68 82
72 87
96 116
100 120
10
5 106
19 367
54 1054
56 1093
63 1219
74 1434
88 1708
91 1752
93 1795
100 1922
10
26 379
32 455
32 456
40 579
48 690
58 825
65 925
66 949
76 1084
100 1419
10
14 78
18 98
21 114
31 166
48 261
51 275
53 286
56 302
90 484
91 488
10
1 8
7 41
35 207
36 210
56 330
75 440
77 448
82 475
84 489
100 579
10
13 144
14 156
14 163
19 217
27 305
48 527
62 681
74 811
80 884
99 1091
10
6 24
9 37
26 100
30 114
31 121
36 139
61 233
61 235
80 304
100 380
10
5 55
10 100
12 114
22 216
34 324
52 491
68 646
71 675
96 910
100 943
10
39 788
43 874
60 1200
60 1208
66 1317
75 1512
78 1559
85 1699
99 1992
100 1994
10
3 17
38 170
39 175
62 278
63 282
67 302
70 315
82 369
94 422
100 446
10
20 128
29 183
32 202
38 242
47 296
50 316
57 358
61 385
84 524
100 623
10
0 3
12 135
17 182
27 286
46 490
63 660
68 718
73 763
96 1010
100 1043
10
15 288
16 316
22 426
41 789
53 1019
54 1031
61 1168
67 1279
69 1325
100 1902
10
2 16
17 96
41 230
66 372
72 401
77 432
92 516
94 528
99 551
100 556
10
0 3
19 168
26 235
43 379
46 408
80 705
86 753
96 844
96 844
100 875
10
15 272
19 344
37 667
38 689
48 872
62 1119
63 1137
68 1226
84 1514
93 1686
10
6 46
29 214
46 344
52 386
52 387
54 402
56 416
67 495
77 570
79 581
10
2 6
4 12
14 36
41 101
45 110
47 115
68 166
75 184
91 222
100 243
10
19 74
25 95
30 115
31 116
40 150
41 153
42 157
56 208
66 245
72 269
10
10 141
17 243
23 327
27 378
32 439
54 744
69 950
70 973
80 1097
100 1371
10
14 178
14 183
26 336
33 427
39 490
44 558
60 764
64 815
72 914
89 1126
100
0 3
2 9
2 10
6 22
6 23
8 29
8 30
12 41
12 44
12 44
13 46
13 46
13 46
16 57
17 61
20 71
21 75
22 77
23 80
24 85
25 86
26 92
28 96
28 98
30 104
31 106
31 107
31 109
32 111
33 113
34 118
35 120
36 124
37 128
37 128
39 133
39 133
41 143
43 147
43 150
43 150
44 151
44 152
45 156
46 158
47 161
47 163
48 164
48 166
49 170
49 170
50 172
55 188
55 190
56 193
56 193
56 194
57 195
59 204
60 205
62 214
63 216
63 218
64 220
65 223
66 228
68 233
68 234
68 234
69 238
69 238
70 240
70 240
70 242
71 245
73 252
75 256
75 258
75 258
76 262
78 268
78 269
80 273
80 274
82 281
83 285
87 298
87 299
88 301
89 304
92 314
92 316
92 317
94 323
95 325
95 327
96 330
97 332
99 338
99 340
100
0 9
1 19
2 34
3 47
4 56
4 66
7 103
8 115
9 128
10 145
13 188
13 192
13 193
17 239
18 251
18 253
19 266
20 277
26 360
26 364
26 367
29 411
30 422
31 434
31 435
33 457
33 462
33 466
34 475
34 481
34 482
35 489
35 491
38 528
40 562
41 568
41 570
42 584
42 584
42 587
42 590
42 592
45 624
45 635
47 658
47 661
48 671
48 673
49 684
50 698
51 707
51 715
55 762
55 765
55 773
56 777
58 805
58 807
59 817
59 829
60 835
63 879
64 885
64 894
64 895
66 920
70 974
71 993
72 997
72 1003
73 1010
74 1025
77 1073
79 1103
80 1109
81 1123
82 1139
82 1139
82 1141
82 1143
83 1148
83 1157
85 1176
85 1177
86 1202
87 1203
88 1217
89 1241
90 1249
91 1268
92 1279
92 1283
93 1296
94 1302
95 1319
97 1344
97 1349
98 1361
98 1366
99 1376
100
2 36
2 41
3 51
3 52
4 68
4 76
4 82
6 100
6 102
7 117
7 120
7 127
7 129
7 130
9 153
11 185
11 193
12 199
13 215
14 236
14 245
17 280
18 301
18 305
18 306
18 306
19 328
21 355
23 388
24 398
25 425
27 453
28 469
29 485
30 505
30 507
31 513
33 548
36 604
38 629
38 632
40 663
40 665
42 700
44 738
45 744
45 753
47 775
48 804
50 836
53 874
53 881
53 882
53 884
53 888
54 896
55 910
56 930
57 948
58 956
58 969
59 977
59 978
60 990
60 1001
62 1022
62 1028
62 1028
62 1031
65 1074
65 1079
66 1101
69 1146
70 1153
70 1165
72 1186
72 1201
73 1206
73 1209
76 1258
76 1260
77 1269
77 1275
78 1289
78 1290
79 1311
81 1336
81 1339
82 1354
83 1375
83 1379
88 1462
91 1508
93 1540
97 1604
97 1605
97 1606
98 1615
98 1622
98 1629
100
0 2
2 19
2 20
3 22
3 23
3 26
4 33
6 43
7 49
7 50
10 69
11 77
11 80
12 83
15 103
16 111
16 113
16 113
17 117
17 120
20 137
20 137
20 143
21 148
22 152
22 156
23 163
23 164
25 172
26 180
27 191
28 194
29 201
29 203
30 206
30 212
31 214
31 216
33 229
33 230
33 231
34 236
34 238
35 244
37 257
38 263
39 267
41 284
42 288
42 293
43 297
44 302
46 318
47 324
48 331
49 339
50 343
50 345
51 352
53 363
54 376
54 376
55 379
55 380
56 386
56 386
56 387
58 397
58 400
62 425
64 439
66 452
67 460
67 464
69 473
71 486
71 492
73 501
74 509
75 516
76 521
77 528
77 529
77 532
78 538
79 546
81 559
82 567
83 573
84 577
85 587
86 591
88 604
88 606
92 630
94 647
95 656
96 663
99 679
100 684
100
0 0
1 3
2 5
2 5
2 5
4 7
4 8
5 10
6 11
6 11
7 13
8 14
8 15
10 18
11 20
12 22
14 25
15 26
15 26
15 27
16 28
16 29
19 33
19 34
19 34
19 34
21 36
22 39
22 39
24 42
25 43
26 46
28 49
32 55
32 55
33 58
35 60
35 61
36 63
36 63
38 65
39 67
39 68
40 69
41 71
42 72
43 74
43 75
44 76
45 78
46 79
46 79
46 80
47 81
48 83
49 85
51 88
52 90
53 92
54 93
56 97
56 97
58 100
60 103
60 104
61 105
62 107
63 108
63 109
65 112
66 113
66 114
66 114
67 115
69 119
69 119
71 123
71 123
74 127
74 128
74 128
75 129
75 129
76 130
76 131
77 133
78 135
79 136
80 137
80 138
80 138
80 138
81 140
88 151
88 152
90 154
90 154
93 160
97 167
100 171
100
0 3
0 10
2 32
3 41
5 68
6 83
7 86
8 97
8 107
10 124
10 130
10 130
13 158
13 162
15 185
15 191
16 195
18 219
20 240
22 272
23 280
23 284
23 287
24 288
26 314
26 317
26 317
27 324
28 343
29 353
31 373
31 382
31 382
34 409
37 451
37 455
38 457
38 465
40 487
41 500
43 523
44 536
45 543
45 551
45 551
46 552
47 567
49 594
50 610
51 611
51 620
52 634
53 637
55 661
55 666
58 695
59 709
59 715
59 715
60 719
60 722
60 723
60 730
61 739
62 744
64 774
64 778
65 782
67 812
68 818
70 843
75 904
76 922
77 925
78 937
79 956
79 957
80 960
81 973
81 976
82 984
82 991
84 1007
87 1046
88 1061
89 1069
89 1071
90 1082
92 1106
92 1113
95 1147
95 1149
95 1149
96 1152
96 1157
98 1179
98 1180
98 1180
99 1187
99 1189
100
0 2
0 9
2 34
3 39
3 43
3 49
6 74
12 156
12 157
13 164
13 166
14 181
18 231
19 234
19 243
20 249
20 250
20 250
20 255
20 256
21 264
23 284
23 285
23 287
24 302
24 305
25 312
27 337
31 381
32 397
33 408
36 454
37 456
37 460
38 472
38 477
44 551
45 553
45 558
46 573
46 576
47 581
49 604
53 656
54 668
54 668
56 690
56 694
57 712
58 720
59 728
60 739
60 741
62 768
62 773
65 806
66 813
67 833
68 839
68 846
68 847
69 849
70 865
70 866
70 869
71 875
71 878
72 894
74 911
74 914
74 918
74 920
75 933
76 940
76 942
77 949
78 965
79 981
80 983
81 996
81 997
83 1025
86 1066
87 1076
88 1088
88 1091
90 1110
91 1119
92 1132
92 1135
92 1137
92 1139
94 1160
97 1192
97 1197
97 1201
98 1207
98 1214
99 1216
100 1228
100
1 6
2 10
2 14
4 21
10 50
11 54
11 55
12 59
13 65
13 67
14 68
14 69
16 78
17 84
17 86
18 89
18 89
19 92
19 95
19 96
20 99
23 111
24 116
24 118
27 131
30 148
32 155
32 158
33 163
34 168
35 172
36 176
36 178
37 181
40 196
40 196
42 207
46 225
47 227
47 229
48 235
49 238
50 242
50 243
51 246
51 250
52 254
54 263
55 266
56 272
57 278
58 281
60 290
60 294
61 296
61 298
62 300
62 302
63 307
64 309
66 319
66 322
67 324
67 326
67 327
71 344
71 344
71 346
72 348
74 357
74 361
74 361
76 368
76 370
77 372
77 375
78 376
78 377
78 379
78 380
80 386
80 388
81 391
81 395
82 396
84 406
84 406
84 407
84 409
86 417
86 419
88 425
88 425
92 448
93 452
95 461
96 467
98 475
98 476
100 482
100
0 14
1 30
2 43
2 55
3 65
5 105
7 152
8 171
8 177
11 234
11 234
16 332
17 338
19 377
19 380
19 393
20 402
21 420
22 434
24 474
27 534
28 562
30 592
30 601
30 602
31 622
32 639
33 653
36 717
36 725
37 738
38 748
38 748
38 757
38 761
39 771
39 776
45 897
46 906
46 911
46 916
46 922
46 923
47 927
48 947
51 1018
54 1070
54 1074
54 1077
55 1100
57 1125
57 1136
59 1179
61 1217
62 1222
63 1245
63 1248
63 1253
65 1296
65 1296
67 1335
67 1336
69 1372
70 1392
70 1393
71 1399
71 1404
73 1444
74 1467
74 1473
75 1490
76 1505
77 1527
78 1541
78 1549
79 1562
80 1575
80 1591
80 1593
81 1599
82 1616
83 1642
83 1647
84 1669
86 1696
86 1699
89 1766
89 1770
90 1775
90 1780
93 1845
93 1848
94 1851
95 1871
95 1875
95 1882
95 1884
96 1893
99 1948
100 1967
100
1 34
2 37
2 37
3 55
3 58
3 69
4 84
5 104
6 105
6 106
6 116
7 129
9 164
10 182
10 184
11 196
11 207
13 238
14 255
14 256
15 267
16 289
16 293
17 297
17 299
17 308
17 309
18 313
20 353
20 357
20 361
21 370
21 374
25 447
25 451
27 476
29 508
30 528
31 549
32 560
32 571
33 585
34 593
34 607
35 616
37 653
37 654
38 675
38 677
39 684
39 689
41 720
44 765
44 772
47 825
48 847
49 856
49 862
49 863
50 880
50 882
50 885
51 889
51 895
52 920
54 948
58 1014
59 1026
61 1061
61 1062
61 1063
61 1068
63 1100
63 1103
64 1115
64 1123
64 1124
65 1133
70 1220
70 1224
71 1248
72 1254
75 1315
76 1333
77 1352
78 1357
78 1370
79 1377
79 1386
80 1398
85 1481
86 1506
86 1510
89 1558
91 1597
94 1649
97 1697
97 1698
99 1722
100 1736
100
1 18
1 21
2 39
3 54
4 61
4 63
4 63
4 65
4 68
5 77
5 78
6 102
8 127
9 148
10 160
10 160
11 172
12 187
13 198
15 228
15 229
16 244
17 256
17 262
17 265
19 286
19 292
21 321
25 381
25 385
26 388
26 391
28 423
28 430
29 439
30 461
30 461
31 474
31 476
32 484
33 499
35 532
35 535
36 546
36 546
38 567
38 573
39 586
39 591
41 613
41 622
43 648
43 648
46 689
47 714
51 771
52 776
54 811
55 828
56 843
58 868
58 870
60 898
61 924
62 925
62 933
63 951
64 955
64 959
66 995
67 1010
70 1050
70 1056
70 1058
71 1062
75 1122
76 1135
76 1148
77 1154
78 1168
78 1175
80 1206
81 1208
84 1262
85 1274
85 1281
86 1286
87 1303
87 1312
88 1314
88 1325
89 1330
90 1342
90 1351
90 1356
91 1366
93 1387
95 1427
98 1472
100 1491
100
1 8
5 27
6 33
8 42
11 56
12 59
13 62
13 66
15 73
15 73
16 78
17 82
17 83
21 103
22 106
22 106
22 107
25 120
27 128
27 130
27 130
27 132
28 137
29 139
34 161
35 167
35 167
36 172
38 182
38 183
39 185
39 188
39 189
41 195
41 197
41 197
41 198
42 202
42 202
43 204
43 205
44 212
47 225
48 231
49 233
49 235
49 235
49 236
50 238
51 242
52 247
52 247
57 272
58 276
59 280
59 281
61 293
62 295
63 299
63 301
63 301
65 308
65 309
65 311
67 318
67 319
68 324
70 335
71 337
72 343
73 347
74 353
76 360
77 365
79 374
79 376
81 384
81 387
82 392
83 397
85 403
85 406
85 406
86 407
86 410
87 414
87 415
88 418
88 418
88 419
88 420
89 421
89 421
91 431
93 442
93 443
97 462
98 467
99 471
100 473
100
2 24
6 66
7 73
9 89
10 96
10 99
11 107
12 116
13 125
13 131
15 150
18 174
19 182
20 194
21 205
21 206
21 206
22 212
23 224
23 226
27 260
28 265
28 267
29 275
29 276
29 279
30 284
30 290
30 290
36 350
37 352
37 358
38 364
40 384
41 389
41 397
42 404
42 405
43 409
44 417
44 420
48 458
48 460
50 478
51 483
51 486
52 497
56 533
57 546
58 555
60 571
60 574
61 579
63 597
63 598
63 601
63 601
64 606
64 607
64 613
65 616
69 655
71 676
71 677
72 682
72 683
72 684
72 688
72 689
74 704
75 715
76 719
76 726
77 731
77 731
77 737
78 740
78 747
80 765
81 772
83 791
84 796
85 810
85 811
86 815
86 816
86 819
90 853
90 857
92 878
93 882
93 886
93 888
95 899
95 904
97 927
98 930
99 940
99 945
100 946
100
0 1
0 6
1 14
1 15
2 31
2 35
4 54
6 75
6 82
7 86
7 92
10 128
12 152
12 156
14 180
15 182
15 191
16 194
16 203
18 222
18 223
19 233
20 247
21 257
21 260
22 267
22 271
22 275
23 278
23 282
24 296
24 298
26 314
27 328
28 345
28 346
28 348
29 360
30 370
31 382
32 393
34 418
34 419
34 421
35 433
36 441
37 446
37 450
41 500
42 514
46 555
46 561
48 586
50 608
52 626
53 644
54 656
54 657
55 664
57 694
58 700
59 718
60 733
61 744
62 746
64 772
65 789
66 795
69 836
70 845
70 847
70 850
71 856
72 867
74 899
74 900
75 910
76 921
78 942
79 962
80 965
80 969
81 986
82 997
83 1002
84 1013
84 1019
84 1019
85 1025
87 1048
89 1078
91 1103
91 1104
92 1109
94 1135
97 1176
98 1181
98 1183
99 1200
100 1203
100
0 9
2 29
2 33
5 64
5 68
6 82
6 84
8 105
8 110
9 111
11 138
13 162
13 172
14 182
17 213
18 224
18 226
18 231
19 242
20 250
22 271
22 275
22 278
24 297
25 312
26 321
28 356
29 360
32 395
32 402
34 419
34 424
36 444
38 480
39 481
39 490
40 496
40 503
43 531
43 536
44 546
44 551
45 555
48 591
51 630
51 640
53 662
54 672
56 690
58 719
59 735
60 743
61 753
62 775
63 780
63 781
63 784
64 788
64 792
65 802
65 811
66 813
66 814
68 842
69 851
69 855
70 868
71 875
72 888
73 899
73 906
73 910
75 933
77 953
77 959
77 960
79 980
80 987
81 1003
81 1006
82 1015
82 1015
82 1017
84 1038
85 1047
86 1061
86 1068
87 1081
90 1118
91 1122
91 1122
91 1126
93 1149
93 1151
94 1166
95 1181
96 1187
96 1194
99 1227
100 1231
100
0 0
3 41
3 46
4 54
5 71
5 72
5 76
6 91
7 96
7 104
8 116
9 129
10 144
11 147
11 155
15 201
15 211
16 220
16 225
17 227
18 249
19 261
19 263
20 269
23 312
24 321
24 325
25 339
25 344
27 364
28 384
30 410
31 422
33 439
33 443
33 448
35 472
37 493
37 501
38 505
39 525
40 537
41 551
41 553
42 565
42 565
43 573
44 596
44 596
45 607
48 647
49 650
49 654
50 669
51 681
51 682
52 698
53 706
53 707
54 727
55 732
56 747
56 752
57 763
57 766
58 770
59 784
61 811
61 820
62 824
62 830
64 851
65 865
65 872
66 878
66 879
66 881
67 890
70 940
71 953
72 963
73 976
76 1019
77 1027
79 1055
80 1063
81 1085
84 1121
85 1133
86 1148
86 1151
87 1155
87 1155
91 1215
93 1237
93 1241
95 1270
97 1294
98 1303
99 1323
100
0 2
1 5
1 5
2 6
3 8
3 8
4 11
4 11
5 13
6 17
7 18
7 19
11 30
11 30
12 31
12 32
12 33
13 35
15 39
15 40
17 44
18 46
18 47
19 49
19 50
20 51
20 52
21 55
25 65
25 66
26 67
27 69
27 70
28 73
29 75
31 80
31 80
33 85
35 91
38 97
38 98
39 100
39 101
39 101
39 101
42 107
42 108
42 108
42 109
46 118
47 121
48 123
49 125
50 127
50 128
50 129
51 131
51 132
52 133
52 133
52 133
53 135
53 137
55 140
55 141
55 141
57 145
57 146
57 146
58 149
59 152
61 155
62 158
66 168
66 170
67 172
68 175
69 177
72 183
72 184
74 190
78 199
78 200
79 202
81 206
81 207
81 207
81 208
82 209
82 209
86 219
86 219
87 223
88 224
96 244
96 245
96 246
97 248
100 254
100 254
100
1 23
3 56
5 102
6 105
7 123
7 135
10 182
10 185
12 214
15 274
16 282
16 289
17 301
18 324
18 329
18 331
22 385
23 408
23 412
24 421
24 428
25 439
25 440
27 476
27 480
28 495
28 500
29 507
29 517
29 519
30 531
31 558
32 562
34 600
34 602
35 611
36 636
37 655
37 659
39 695
41 716
41 717
41 724
42 733
42 739
42 739
42 742
42 742
43 753
43 757
44 775
44 778
44 784
45 802
46 809
48 853
49 860
49 870
50 885
51 894
54 947
55 963
57 997
58 1021
59 1040
61 1080
62 1092
63 1108
65 1142
66 1165
67 1181
68 1188
71 1241
71 1249
71 1249
73 1275
73 1278
73 1286
73 1286
73 1287
76 1333
78 1371
78 1375
80 1401
81 1415
81 1416
82 1433
82 1447
84 1470
86 1517
89 1562
89 1567
90 1586
91 1594
91 1601
92 1619
93 1637
95 1672
96 1691
99 1738
100
2 24
3 36
4 45
5 50
7 69
7 70
7 71
8 79
9 90
10 101
11 105
11 110
11 114
13 127
13 130
14 135
14 137
14 139
15 152
18 180
20 191
20 200
24 230
24 237
25 243
26 250
28 268
28 276
29 285
31 298
31 302
33 322
34 328
35 342
36 347
38 365
38 366
38 369
39 374
39 381
40 388
41 392
41 400
42 402
42 409
44 428
48 466
49 472
50 479
51 487
51 493
52 497
52 498
56 536
56 539
56 540
56 543
58 554
60 572
60 574
64 616
65 624
66 630
66 638
66 638
67 642
68 652
69 659
69 663
69 664
70 672
71 682
73 700
74 711
74 714
76 732
76 732
78 747
79 760
80 766
80 770
81 772
82 787
83 798
84 803
85 812
86 827
89 850
89 854
90 863
90 863
92 878
92 882
92 883
93 887
93 892
98 937
98 942
99 947
100 953
100
1 3
3 10
3 10
3 10
5 14
6 16
7 20
7 21
8 23
10 28
11 30
11 30
12 34
12 34
13 36
13 36
13 37
19 53
20 54
20 55
21 57
22 61
22 61
26 70
27 72
28 75
28 75
28 76
29 78
30 82
31 83
31 83
31 84
33 90
34 91
34 92
35 94
35 95
36 96
36 97
36 98
37 99
38 102
39 104
40 107
41 111
42 112
42 113
42 114
44 119
48 129
48 130
49 132
52 139
53 141
53 143
55 148
62 167
62 167
65 173
67 180
68 182
69 185
70 187
71 189
71 189
72 193
72 193
72 193
72 194
74 198
75 200
75 201
75 202
75 202
81 216
82 220
83 221
83 223
83 223
84 224
85 228
86 230
88 236
89 239
90 242
92 245
92 246
94 251
94 252
95 253
95 253
95 254
95 255
96 258
97 260
98 262
99 265
99 265
100 266
100
0 0
0 1
2 11
2 11
2 14
2 14
6 30
9 44
10 52
11 57
13 65
13 65
14 71
15 74
16 77
17 83
19 95
20 96
22 108
26 126
27 130
27 130
28 139
30 147
30 148
31 151
31 151
32 155
33 160
34 165
35 169
36 175
37 178
38 184
40 194
41 197
42 204
42 204
42 204
46 222
46 224
48 235
50 243
50 243
50 244
51 247
52 251
53 256
54 261
54 263
54 263
55 264
55 268
57 275
57 276
57 276
57 277
59 286
59 287
60 290
61 293
62 298
62 298
62 302
63 304
64 311
66 321
67 324
70 339
71 345
71 345
72 347
73 353
74 359
75 362
75 362
75 364
77 374
79 382
80 386
81 389
82 396
83 400
84 406
85 408
85 411
85 411
88 423
88 425
92 444
93 448
94 455
95 456
95 457
95 458
96 463
96 465
98 474
100 480
100 480
100
2 39
4 74
4 82
6 116
7 140
7 141
8 147
8 160
10 189
11 208
13 254
14 258
14 265
14 266
16 291
18 329
20 366
21 393
22 404
23 434
23 435
25 455
25 461
27 499
28 518
29 535
29 540
30 546
30 560
31 566
34 626
40 741
42 764
43 786
43 793
43 794
43 799
44 805
45 835
46 843
48 883
50 909
50 914
51 942
53 967
53 972
53 977
53 981
54 982
54 983
54 996
55 1014
57 1037
59 1086
61 1116
61 1117
63 1148
64 1170
64 1171
68 1239
69 1267
69 1268
70 1282
70 1287
73 1335
73 1336
73 1343
75 1363
75 1364
76 1383
76 1390
77 1406
78 1419
78 1425
80 1454
80 1468
82 1490
82 1492
84 1529
85 1553
86 1565
86 1580
87 1587
87 1592
87 1597
89 1632
91 1660
91 1668
91 1670
92 1673
92 1678
93 1704
96 1748
96 1753
96 1757
97 1767
97 1772
97 1780
99 1805
100 1817
100
2 27
3 29
4 42
4 45
5 54
6 63
7 71
8 75
9 82
9 84
10 93
10 97
11 104
11 108
13 121
13 124
14 134
14 134
20 185
20 189
21 198
22 206
23 213
24 220
26 243
27 249
28 262
32 294
32 294
32 298
33 302
35 325
36 328
39 359
40 364
41 377
41 378
41 380
42 383
43 393
43 395
44 405
46 420
46 424
47 432
47 434
47 434
48 444
49 450
52 476
54 495
54 495
54 497
55 500
55 505
56 516
57 518
58 535
58 535
59 543
60 552
61 558
61 562
62 570
63 575
63 578
66 600
67 613
68 624
71 646
72 654
77 707
78 710
79 724
82 747
82 748
83 754
83 756
83 760
84 765
85 772
85 773
85 780
86 783
86 785
86 789
87 790
88 807
89 815
90 820
92 838
93 847
93 851
95 869
96 876
96 879
98 893
99 899
99 905
100 907
100
1 15
1 16
2 28
3 34
4 49
5 52
5 55
6 63
7 71
9 100
11 112
12 130
13 136
14 146
14 147
14 148
15 152
15 158
16 166
18 186
19 198
19 201
19 201
20 206
23 234
24 252
25 261
27 280
28 284
28 288
29 298
30 310
31 322
32 325
32 325
32 327
33 342
35 356
35 359
36 364
38 389
38 392
39 394
39 401
39 402
39 403
43 436
43 436
43 437
44 446
44 453
45 457
47 481
50 505
51 520
52 530
54 548
56 573
58 589
58 589
58 595
59 600
59 601
60 611
63 641
63 643
63 643
65 657
68 687
68 693
69 698
69 699
70 714
73 746
74 752
74 753
78 789
78 796
79 802
80 810
82 832
83 845
86 876
87 878
87 880
88 895
90 912
92 929
92 938
92 938
93 945
94 957
96 969
97 979
97 980
97 984
97 985
97 986
99 1004
100 1009
100
0 0
0 0
1 12
1 12
1 23
2 31
2 34
2 34
3 38
3 39
4 51
4 54
4 59
6 79
6 80
7 94
8 102
8 107
10 128
13 167
14 177
16 192
17 206
19 236
22 265
22 265
22 269
23 283
25 306
25 308
26 315
27 330
28 345
30 369
31 381
31 381
32 388
32 391
32 394
33 407
36 436
38 465
39 471
39 472
41 500
43 519
44 537
44 538
45 543
45 544
46 552
47 567
48 579
48 579
53 637
53 641
55 662
55 670
56 673
57 686
58 701
59 713
60 727
61 738
62 744
62 750
63 763
63 767
66 797
67 805
67 810
68 816
68 819
68 823
68 826
69 836
70 840
71 855
71 856
71 857
72 865
73 882
75 907
75 908
75 910
78 944
78 947
79 959
79 959
83 1001
86 1038
87 1046
87 1047
88 1065
89 1069
89 1070
89 1071
93 1126
97 1164
99 1195
